instance	pr18.txt
m = 3

algo	vns
seed	3
timelim	60

profit	821
time	5.14177
timeLocalSearch 	4.102
timePerturb 	1.01594

# profit 821
# route 0 >  283  13  [0,124,1,136,33,68,125,41,8,28,77,92,48,127,0]
# route 1 >  313  16  [0,17,114,129,106,54,36,100,144,24,56,135,108,22,61,23,50,0]
# route 2 >  225  12  [0,58,76,6,87,109,34,98,2,112,138,14,107,0]
# m_location_vid = [-1,0,2,-1,-1,-1,2,-1,0,-1,-1,-1,-1,-1,2,-1,-1,1,-1,-1,-1,-1,1,1,1,-1,-1,-1,0,-1,-1,-1,-1,0,2,-1,1,-1,-1,-1,-1,0,-1,-1,-1,-1,-1,-1,0,-1,1,-1,-1,-1,1,-1,1,-1,2,-1,-1,1,-1,-1,-1,-1,-1,-1,0,-1,-1,-1,-1,-1,-1,-1,2,0,-1,-1,-1,-1,-1,-1,-1,-1,-1,2,-1,-1,-1,-1,0,-1,-1,-1,-1,-1,2,-1,1,-1,-1,-1,-1,-1,1,2,1,2,-1,-1,2,-1,1,-1,-1,-1,-1,-1,-1,-1,-1,-1,0,0,-1,0,-1,1,-1,-1,-1,-1,-1,1,0,-1,2,-1,-1,-1,-1,-1,1]
