instance	pr07.txt
m = 4

algo	vns
seed	3
timelim	60

profit	691
time	2.93828
timeLocalSearch 	2.07096
timePerturb 	0.841085

# profit 691
# route 0 >  242  12  [0,12,29,56,22,32,44,48,42,60,54,8,34,0]
# route 1 >  163  9  [0,31,38,35,59,41,47,63,15,19,0]
# route 2 >  138  8  [0,53,7,43,5,3,52,58,37,0]
# route 3 >  148  11  [0,9,67,25,69,66,30,49,61,21,45,72,0]
# m_location_vid = [-1,-1,-1,2,-1,2,-1,2,0,3,-1,-1,0,-1,-1,1,-1,-1,-1,1,-1,3,0,-1,-1,3,-1,-1,-1,0,3,1,0,-1,0,1,-1,2,1,-1,-1,1,0,2,0,3,-1,1,0,3,-1,-1,2,2,0,-1,0,-1,2,1,0,3,-1,1,-1,-1,3,3,-1,3,-1,-1,3]
