instance	pr03.txt
m = 4

algo	vns
seed	3
timelim	60

profit	830
time	4.0064
timeLocalSearch 	2.89765
timePerturb 	1.09183

# profit 830
# route 0 >  257  13  [0,130,39,139,5,104,24,123,91,45,22,18,48,142,0]
# route 1 >  186  11  [0,7,28,17,87,26,23,81,52,14,27,3,0]
# route 2 >  213  13  [0,105,37,53,82,29,128,107,61,34,111,83,4,25,0]
# route 3 >  174  12  [0,115,101,6,56,79,117,35,2,124,44,94,77,0]
# m_location_vid = [-1,-1,3,1,2,0,3,1,-1,-1,-1,-1,-1,-1,1,-1,-1,1,0,-1,-1,-1,0,1,0,2,1,1,1,2,-1,-1,-1,-1,2,3,-1,2,-1,0,-1,-1,-1,-1,3,0,-1,-1,0,-1,-1,-1,1,2,-1,-1,3,-1,-1,-1,-1,2,-1,-1,-1,-1,-1,-1,-1,-1,-1,-1,-1,-1,-1,-1,-1,3,-1,3,-1,1,2,2,-1,-1,-1,1,-1,-1,-1,0,-1,-1,3,-1,-1,-1,-1,-1,-1,3,-1,-1,0,2,-1,2,-1,-1,-1,2,-1,-1,-1,3,-1,3,-1,-1,-1,-1,-1,0,3,-1,-1,-1,2,-1,0,-1,-1,-1,-1,-1,-1,-1,-1,0,-1,-1,0,-1,-1]
