instance	pr12.txt
m = 4

algo	vns
seed	3
timelim	60

profit	843
time	4.31016
timeLocalSearch 	3.2922
timePerturb 	0.990835

# profit 843
# route 0 >  294  17  [0,65,32,91,52,54,2,24,80,10,81,21,57,72,47,33,11,25,0]
# route 1 >  243  13  [0,19,29,88,26,35,41,87,22,15,61,70,16,64,0]
# route 2 >  176  11  [0,78,44,17,93,31,95,58,92,38,59,89,0]
# route 3 >  130  9  [0,85,7,50,67,69,9,42,3,12,0]
# m_location_vid = [-1,-1,0,3,-1,-1,-1,3,-1,3,0,0,3,-1,-1,1,1,2,-1,1,-1,0,1,-1,0,0,1,-1,-1,1,-1,2,0,0,-1,1,-1,-1,2,-1,-1,1,3,-1,2,-1,-1,0,-1,-1,3,-1,0,-1,0,-1,-1,0,2,2,-1,1,-1,-1,1,0,-1,3,-1,3,1,-1,0,-1,-1,-1,-1,-1,2,-1,0,0,-1,-1,-1,3,-1,1,1,2,-1,0,2,2,-1,2,-1]
