instance	pr14.txt
m = 4

algo	vns
seed	3
timelim	60

profit	1035
time	8.58073
timeLocalSearch 	6.86042
timePerturb 	1.69435

# profit 1035
# route 0 >  296  17  [0,115,154,148,10,186,3,58,22,67,9,124,44,91,98,185,171,66,0]
# route 1 >  221  13  [0,56,106,77,113,101,42,26,151,33,133,80,95,73,0]
# route 2 >  249  14  [0,168,121,177,90,131,60,189,153,144,63,41,146,61,78,0]
# route 3 >  269  14  [0,174,135,123,38,137,81,155,180,49,8,12,188,16,39,0]
# m_location_vid = [-1,-1,-1,0,-1,-1,-1,-1,3,0,0,-1,3,-1,-1,-1,3,-1,-1,-1,-1,-1,0,-1,-1,-1,1,-1,-1,-1,-1,-1,-1,1,-1,-1,-1,-1,3,3,-1,2,1,-1,0,-1,-1,-1,-1,3,-1,-1,-1,-1,-1,-1,1,-1,0,-1,2,2,-1,2,-1,-1,0,0,-1,-1,-1,-1,-1,1,-1,-1,-1,1,2,-1,1,3,-1,-1,-1,-1,-1,-1,-1,-1,2,0,-1,-1,-1,1,-1,-1,0,-1,-1,1,-1,-1,-1,-1,1,-1,-1,-1,-1,-1,-1,1,-1,0,-1,-1,-1,-1,-1,2,-1,3,0,-1,-1,-1,-1,-1,-1,2,-1,1,-1,3,-1,3,-1,-1,-1,-1,-1,-1,2,-1,2,-1,0,-1,-1,1,-1,2,0,3,-1,-1,-1,-1,-1,-1,-1,-1,-1,-1,-1,-1,2,-1,-1,0,-1,-1,3,-1,-1,2,-1,-1,3,-1,-1,-1,-1,0,0,-1,3,2,-1,-1,-1]
