instance	pr03.txt
m = 3

algo	vns
seed	3
timelim	60

profit	716
time	3.18835
timeLocalSearch 	2.28593
timePerturb 	0.888094

# profit 716
# route 0 >  299  16  [0,118,130,5,17,139,104,16,128,123,107,91,45,22,18,48,142,0]
# route 1 >  184  11  [0,7,122,28,87,26,23,81,52,14,27,3,0]
# route 2 >  233  13  [0,39,53,82,29,79,24,117,125,111,61,33,25,4,0]
# m_location_vid = [-1,-1,-1,1,2,0,-1,1,-1,-1,-1,-1,-1,-1,1,-1,0,0,0,-1,-1,-1,0,1,2,2,1,1,1,2,-1,-1,-1,2,-1,-1,-1,-1,-1,2,-1,-1,-1,-1,-1,0,-1,-1,0,-1,-1,-1,1,2,-1,-1,-1,-1,-1,-1,-1,2,-1,-1,-1,-1,-1,-1,-1,-1,-1,-1,-1,-1,-1,-1,-1,-1,-1,2,-1,1,2,-1,-1,-1,-1,1,-1,-1,-1,0,-1,-1,-1,-1,-1,-1,-1,-1,-1,-1,-1,-1,0,-1,-1,0,-1,-1,-1,2,-1,-1,-1,-1,-1,2,0,-1,-1,-1,1,0,-1,2,-1,-1,0,-1,0,-1,-1,-1,-1,-1,-1,-1,-1,0,-1,-1,0,-1,-1]
