instance	pr13.txt
m = 4

algo	vns
seed	3
timelim	60

profit	895
time	6.08428
timeLocalSearch 	4.71526
timePerturb 	1.34402

# profit 895
# route 0 >  277  17  [0,45,52,139,14,24,37,18,123,6,4,5,17,91,129,16,104,32,0]
# route 1 >  202  12  [0,68,128,26,107,70,105,61,81,48,130,144,86,0]
# route 2 >  222  12  [0,82,64,29,25,22,80,39,27,31,44,7,58,0]
# route 3 >  194  14  [0,109,87,117,51,28,35,2,94,43,63,79,112,141,74,0]
# m_location_vid = [-1,-1,3,-1,0,0,0,2,-1,-1,-1,-1,-1,-1,0,-1,0,0,0,-1,-1,-1,2,-1,0,2,1,2,3,2,-1,2,0,-1,-1,3,-1,0,-1,2,-1,-1,-1,3,2,0,-1,-1,1,-1,-1,3,0,-1,-1,-1,-1,-1,2,-1,-1,1,-1,3,2,-1,-1,-1,1,-1,1,-1,-1,-1,3,-1,-1,-1,-1,3,2,1,2,-1,-1,-1,1,3,-1,-1,-1,0,-1,-1,3,-1,-1,-1,-1,-1,-1,-1,-1,-1,0,1,-1,1,-1,3,-1,-1,3,-1,-1,-1,-1,3,-1,-1,-1,-1,-1,0,-1,-1,-1,-1,1,0,1,-1,-1,-1,-1,-1,-1,-1,-1,0,-1,3,-1,-1,1]
