instance	pr14.txt
m = 2

algo	vns
seed	3
timelim	60

profit	631
time	4.86259
timeLocalSearch 	3.81514
timePerturb 	1.03228

# profit 631
# route 0 >  361  23  [0,154,148,10,67,9,124,44,185,101,33,22,186,3,133,58,91,77,98,131,176,80,7,66,0]
# route 1 >  270  14  [0,60,121,42,56,113,177,189,153,26,144,41,12,95,73,0]
# m_location_vid = [-1,-1,-1,0,-1,-1,-1,0,-1,0,0,-1,1,-1,-1,-1,-1,-1,-1,-1,-1,-1,0,-1,-1,-1,1,-1,-1,-1,-1,-1,-1,0,-1,-1,-1,-1,-1,-1,-1,1,1,-1,0,-1,-1,-1,-1,-1,-1,-1,-1,-1,-1,-1,1,-1,0,-1,1,-1,-1,-1,-1,-1,0,0,-1,-1,-1,-1,-1,1,-1,-1,-1,0,-1,-1,0,-1,-1,-1,-1,-1,-1,-1,-1,-1,-1,0,-1,-1,-1,1,-1,-1,0,-1,-1,0,-1,-1,-1,-1,-1,-1,-1,-1,-1,-1,-1,1,-1,-1,-1,-1,-1,-1,-1,1,-1,-1,0,-1,-1,-1,-1,-1,-1,0,-1,0,-1,-1,-1,-1,-1,-1,-1,-1,-1,-1,1,-1,-1,-1,0,-1,-1,-1,-1,1,0,-1,-1,-1,-1,-1,-1,-1,-1,-1,-1,-1,-1,-1,-1,-1,-1,-1,-1,-1,-1,-1,0,1,-1,-1,-1,-1,-1,-1,-1,0,0,-1,-1,1,-1,-1,-1]
