instance	pr12.txt
m = 2

algo	vns
seed	3
timelim	60

profit	554
time	2.4482
timeLocalSearch 	1.89185
timePerturb 	0.539011

# profit 554
# route 0 >  308  17  [0,78,65,95,61,52,54,2,24,80,10,81,32,41,70,16,64,25,0]
# route 1 >  246  14  [0,88,87,19,93,26,21,35,22,91,57,72,33,47,11,0]
# m_location_vid = [-1,-1,0,-1,-1,-1,-1,-1,-1,-1,0,1,-1,-1,-1,-1,0,-1,-1,1,-1,1,1,-1,0,0,1,-1,-1,-1,-1,-1,0,1,-1,1,-1,-1,-1,-1,-1,0,-1,-1,-1,-1,-1,1,-1,-1,-1,-1,0,-1,0,-1,-1,1,-1,-1,-1,0,-1,-1,0,0,-1,-1,-1,-1,0,-1,1,-1,-1,-1,-1,-1,0,-1,0,0,-1,-1,-1,-1,-1,1,1,-1,-1,1,-1,1,-1,0,-1]
