instance	pr02.txt
m = 1

algo	vns
seed	3
timelim	60

profit	311
time	0.965378
timeLocalSearch 	0.703497
timePerturb 	0.25398

# profit 311
# route 0 >  311  16  [0,6,24,80,72,65,32,93,61,52,91,54,21,88,33,87,81,0]
# m_location_vid = [-1,-1,-1,-1,-1,-1,0,-1,-1,-1,-1,-1,-1,-1,-1,-1,-1,-1,-1,-1,-1,0,-1,-1,0,-1,-1,-1,-1,-1,-1,-1,0,0,-1,-1,-1,-1,-1,-1,-1,-1,-1,-1,-1,-1,-1,-1,-1,-1,-1,-1,0,-1,0,-1,-1,-1,-1,-1,-1,0,-1,-1,-1,0,-1,-1,-1,-1,-1,-1,0,-1,-1,-1,-1,-1,-1,-1,0,0,-1,-1,-1,-1,-1,0,0,-1,-1,0,-1,0,-1,-1,-1]
