instance	pr19.txt
m = 4

algo	vns
seed	3
timelim	60

profit	994
time	10.7094
timeLocalSearch 	8.66959
timePerturb 	2.0082

# profit 994
# route 0 >  276  14  [0,213,73,170,164,80,126,23,105,9,173,89,206,65,175,0]
# route 1 >  275  17  [0,76,16,108,109,51,116,127,138,156,19,66,112,28,135,68,124,177,0]
# route 2 >  223  13  [0,95,18,205,94,184,120,214,77,118,49,8,5,93,0]
# route 3 >  220  11  [0,117,32,137,39,96,195,182,21,74,113,145,0]
# m_location_vid = [-1,-1,-1,-1,-1,2,-1,-1,2,0,-1,-1,-1,-1,-1,-1,1,-1,2,1,-1,3,-1,0,-1,-1,-1,-1,1,-1,-1,-1,3,-1,-1,-1,-1,-1,-1,3,-1,-1,-1,-1,-1,-1,-1,-1,-1,2,-1,1,-1,-1,-1,-1,-1,-1,-1,-1,-1,-1,-1,-1,-1,0,1,-1,1,-1,-1,-1,-1,0,3,-1,1,2,-1,-1,0,-1,-1,-1,-1,-1,-1,-1,-1,0,-1,-1,-1,2,2,2,3,-1,-1,-1,-1,-1,-1,-1,-1,0,-1,-1,1,1,-1,-1,1,3,-1,-1,1,3,2,-1,2,-1,-1,-1,1,-1,0,1,-1,-1,-1,-1,-1,-1,-1,1,-1,3,1,-1,-1,-1,-1,-1,-1,3,-1,-1,-1,-1,-1,-1,-1,-1,-1,-1,1,-1,-1,-1,-1,-1,-1,-1,0,-1,-1,-1,-1,-1,0,-1,-1,0,-1,0,-1,1,-1,-1,-1,-1,3,-1,2,-1,-1,-1,-1,-1,-1,-1,-1,-1,-1,3,-1,-1,-1,-1,-1,-1,-1,-1,-1,2,0,-1,-1,-1,-1,-1,-1,0,2,-1,-1]
