instance	pr17.txt
m = 4

algo	vns
seed	3
timelim	60

profit	743
time	2.59426
timeLocalSearch 	1.93583
timePerturb 	0.637126

# profit 743
# route 0 >  288  17  [0,43,7,12,21,48,60,8,22,54,56,34,44,38,2,25,69,3,0]
# route 1 >  154  8  [0,35,29,41,47,15,42,9,10,0]
# route 2 >  166  9  [0,70,32,52,5,63,30,19,58,65,0]
# route 3 >  135  10  [0,72,59,51,49,61,37,31,71,39,66,0]
# m_location_vid = [-1,-1,0,0,-1,2,-1,0,0,1,1,-1,0,-1,-1,1,-1,-1,-1,2,-1,0,0,-1,-1,0,-1,-1,-1,1,2,3,2,-1,0,1,-1,3,0,3,-1,1,1,0,0,-1,-1,1,0,3,-1,3,2,-1,0,-1,0,-1,2,3,0,3,-1,2,-1,2,3,-1,-1,0,2,3,3]
