instance	pr18.txt
m = 4

algo	vns
seed	3
timelim	60

profit	999
time	6.45424
timeLocalSearch 	5.13249
timePerturb 	1.29371

# profit 999
# route 0 >  263  13  [0,124,1,68,125,41,72,129,28,77,8,92,48,127,0]
# route 1 >  287  14  [0,17,106,54,108,36,100,144,24,56,133,22,61,23,50,0]
# route 2 >  225  12  [0,58,76,6,87,109,34,98,2,112,138,14,107,0]
# route 3 >  224  13  [0,51,113,63,140,55,30,33,83,136,46,135,99,47,0]
# m_location_vid = [-1,0,2,-1,-1,-1,2,-1,0,-1,-1,-1,-1,-1,2,-1,-1,1,-1,-1,-1,-1,1,1,1,-1,-1,-1,0,-1,3,-1,-1,3,2,-1,1,-1,-1,-1,-1,0,-1,-1,-1,-1,3,3,0,-1,1,3,-1,-1,1,3,1,-1,2,-1,-1,1,-1,3,-1,-1,-1,-1,0,-1,-1,-1,0,-1,-1,-1,2,0,-1,-1,-1,-1,-1,3,-1,-1,-1,2,-1,-1,-1,-1,0,-1,-1,-1,-1,-1,2,3,1,-1,-1,-1,-1,-1,1,2,1,2,-1,-1,2,3,-1,-1,-1,-1,-1,-1,-1,-1,-1,-1,0,0,-1,0,-1,0,-1,-1,-1,1,-1,3,3,-1,2,-1,3,-1,-1,-1,1]
