instance	pr15.txt
m = 2

algo	vns
seed	3
timelim	60

profit	688
time	11.1997
timeLocalSearch 	9.1712
timePerturb 	1.99762

# profit 688
# route 0 >  370  19  [0,153,165,28,230,11,81,18,198,62,126,152,203,193,142,179,43,204,5,118,0]
# route 1 >  318  18  [0,220,164,216,40,215,26,136,24,85,237,27,123,176,119,212,64,32,36,0]
# m_location_vid = [-1,-1,-1,-1,-1,0,-1,-1,-1,-1,-1,0,-1,-1,-1,-1,-1,-1,0,-1,-1,-1,-1,-1,1,-1,1,1,0,-1,-1,-1,1,-1,-1,-1,1,-1,-1,-1,1,-1,-1,0,-1,-1,-1,-1,-1,-1,-1,-1,-1,-1,-1,-1,-1,-1,-1,-1,-1,-1,0,-1,1,-1,-1,-1,-1,-1,-1,-1,-1,-1,-1,-1,-1,-1,-1,-1,-1,0,-1,-1,-1,1,-1,-1,-1,-1,-1,-1,-1,-1,-1,-1,-1,-1,-1,-1,-1,-1,-1,-1,-1,-1,-1,-1,-1,-1,-1,-1,-1,-1,-1,-1,-1,-1,0,1,-1,-1,-1,1,-1,-1,0,-1,-1,-1,-1,-1,-1,-1,-1,-1,1,-1,-1,-1,-1,-1,0,-1,-1,-1,-1,-1,-1,-1,-1,-1,0,0,-1,-1,-1,-1,-1,-1,-1,-1,-1,-1,1,0,-1,-1,-1,-1,-1,-1,-1,-1,-1,-1,1,-1,-1,0,-1,-1,-1,-1,-1,-1,-1,-1,-1,-1,-1,-1,-1,0,-1,-1,-1,-1,0,-1,-1,-1,-1,0,0,-1,-1,-1,-1,-1,-1,-1,1,-1,-1,1,1,-1,-1,-1,1,-1,-1,-1,-1,-1,-1,-1,-1,-1,0,-1,-1,-1,-1,-1,-1,1,-1,-1,-1]
