instance	pr03.txt
m = 2

algo	vns
seed	3
timelim	60

profit	479
time	2.10487
timeLocalSearch 	1.55043
timePerturb 	0.543113

# profit 479
# route 0 >  257  13  [0,130,39,139,5,104,24,123,91,45,22,18,48,142,0]
# route 1 >  222  11  [0,7,87,17,88,52,26,107,81,44,27,25,0]
# m_location_vid = [-1,-1,-1,-1,-1,0,-1,1,-1,-1,-1,-1,-1,-1,-1,-1,-1,1,0,-1,-1,-1,0,-1,0,1,1,1,-1,-1,-1,-1,-1,-1,-1,-1,-1,-1,-1,0,-1,-1,-1,-1,1,0,-1,-1,0,-1,-1,-1,1,-1,-1,-1,-1,-1,-1,-1,-1,-1,-1,-1,-1,-1,-1,-1,-1,-1,-1,-1,-1,-1,-1,-1,-1,-1,-1,-1,-1,1,-1,-1,-1,-1,-1,1,1,-1,-1,0,-1,-1,-1,-1,-1,-1,-1,-1,-1,-1,-1,-1,0,-1,-1,1,-1,-1,-1,-1,-1,-1,-1,-1,-1,-1,-1,-1,-1,-1,-1,0,-1,-1,-1,-1,-1,-1,0,-1,-1,-1,-1,-1,-1,-1,-1,0,-1,-1,0,-1,-1]
