instance	pr02.txt
m = 2

algo	vns
seed	3
timelim	60

profit	508
time	1.57607
timeLocalSearch 	1.13445
timePerturb 	0.431302

# profit 508
# route 0 >  262  13  [0,6,24,80,72,65,32,95,93,91,54,21,19,87,0]
# route 1 >  246  14  [0,60,22,57,15,35,26,41,52,10,78,33,88,16,81,0]
# m_location_vid = [-1,-1,-1,-1,-1,-1,0,-1,-1,-1,1,-1,-1,-1,-1,1,1,-1,-1,0,-1,0,1,-1,0,-1,1,-1,-1,-1,-1,-1,0,1,-1,1,-1,-1,-1,-1,-1,1,-1,-1,-1,-1,-1,-1,-1,-1,-1,-1,1,-1,0,-1,-1,1,-1,-1,1,-1,-1,-1,-1,0,-1,-1,-1,-1,-1,-1,0,-1,-1,-1,-1,-1,1,-1,0,1,-1,-1,-1,-1,-1,0,1,-1,-1,0,-1,0,-1,0,-1]
