instance	pr13.txt
m = 1

algo	vns
seed	3
timelim	60

profit	278
time	1.87252
timeLocalSearch 	1.47475
timePerturb 	0.384141

# profit 278
# route 0 >  278  16  [0,45,52,139,14,24,37,18,123,6,4,5,17,91,130,104,86,0]
# m_location_vid = [-1,-1,-1,-1,0,0,0,-1,-1,-1,-1,-1,-1,-1,0,-1,-1,0,0,-1,-1,-1,-1,-1,0,-1,-1,-1,-1,-1,-1,-1,-1,-1,-1,-1,-1,0,-1,-1,-1,-1,-1,-1,-1,0,-1,-1,-1,-1,-1,-1,0,-1,-1,-1,-1,-1,-1,-1,-1,-1,-1,-1,-1,-1,-1,-1,-1,-1,-1,-1,-1,-1,-1,-1,-1,-1,-1,-1,-1,-1,-1,-1,-1,-1,0,-1,-1,-1,-1,0,-1,-1,-1,-1,-1,-1,-1,-1,-1,-1,-1,-1,0,-1,-1,-1,-1,-1,-1,-1,-1,-1,-1,-1,-1,-1,-1,-1,-1,-1,-1,0,-1,-1,-1,-1,-1,-1,0,-1,-1,-1,-1,-1,-1,-1,-1,0,-1,-1,-1,-1,-1]
