instance	pr02.txt
m = 3

algo	vns
seed	3
timelim	60

profit	784
time	2.25488
timeLocalSearch 	1.55877
timePerturb 	0.683171

# profit 784
# route 0 >  300  16  [0,6,24,80,72,65,32,26,91,35,93,19,81,54,21,33,87,0]
# route 1 >  259  14  [0,60,22,15,57,95,61,41,52,85,10,2,78,88,16,0]
# route 2 >  225  13  [0,73,62,17,38,92,64,44,31,11,25,9,69,20,0]
# m_location_vid = [-1,-1,1,-1,-1,-1,0,-1,-1,2,1,2,-1,-1,-1,1,1,2,-1,0,2,0,1,-1,0,2,0,-1,-1,-1,-1,2,0,0,-1,0,-1,-1,2,-1,-1,1,-1,-1,2,-1,-1,-1,-1,-1,-1,-1,1,-1,0,-1,-1,1,-1,-1,1,1,2,-1,2,0,-1,-1,-1,2,-1,-1,0,2,-1,-1,-1,-1,1,-1,0,0,-1,-1,-1,1,-1,0,1,-1,-1,0,2,0,-1,1,-1]
