instance	pr17.txt
m = 3

algo	vns
seed	3
timelim	60

profit	670
time	2.06474
timeLocalSearch 	1.5243
timePerturb 	0.526409

# profit 670
# route 0 >  272  15  [0,48,12,7,60,8,22,54,56,34,44,38,2,25,69,3,0]
# route 1 >  206  12  [0,35,29,21,30,9,19,41,47,61,37,42,58,0]
# route 2 >  192  12  [0,59,51,43,49,52,63,5,15,32,18,10,65,0]
# m_location_vid = [-1,-1,0,0,-1,2,-1,0,0,1,2,-1,0,-1,-1,2,-1,-1,2,1,-1,1,0,-1,-1,0,-1,-1,-1,1,1,-1,2,-1,0,1,-1,1,0,-1,-1,1,1,2,0,-1,-1,1,0,2,-1,2,2,-1,0,-1,0,-1,1,2,0,1,-1,2,-1,2,-1,-1,-1,0,-1,-1,-1]
