instance	pr08.txt
m = 3

algo	vns
seed	3
timelim	60

profit	809
time	3.30179
timeLocalSearch 	2.3957
timePerturb 	0.891559

# profit 809
# route 0 >  300  14  [0,63,74,77,56,68,125,54,106,24,8,59,41,1,138,0]
# route 1 >  277  13  [0,108,136,36,100,30,48,34,133,33,92,124,144,19,0]
# route 2 >  232  13  [0,87,43,98,17,58,76,14,112,140,109,23,28,101,0]
# m_location_vid = [-1,0,-1,-1,-1,-1,-1,-1,0,-1,-1,-1,-1,-1,2,-1,-1,2,-1,1,-1,-1,-1,2,0,-1,-1,-1,2,-1,1,-1,-1,1,1,-1,1,-1,-1,-1,-1,0,-1,2,-1,-1,-1,-1,1,-1,-1,-1,-1,-1,0,-1,0,-1,2,0,-1,-1,-1,0,-1,-1,-1,-1,0,-1,-1,-1,-1,-1,0,-1,2,0,-1,-1,-1,-1,-1,-1,-1,-1,-1,2,-1,-1,-1,-1,1,-1,-1,-1,-1,-1,2,-1,1,2,-1,-1,-1,-1,0,-1,1,2,-1,-1,2,-1,-1,-1,-1,-1,-1,-1,-1,-1,-1,-1,1,0,-1,-1,-1,-1,-1,-1,-1,1,-1,-1,1,-1,0,-1,2,-1,-1,-1,1]
