instance	pr12.txt
m = 1

algo	vns
seed	3
timelim	60

profit	311
time	1.25877
timeLocalSearch 	0.970603
timePerturb 	0.276714

# profit 311
# route 0 >  311  16  [0,32,65,95,91,61,52,35,26,81,54,21,41,24,80,10,64,0]
# m_location_vid = [-1,-1,-1,-1,-1,-1,-1,-1,-1,-1,0,-1,-1,-1,-1,-1,-1,-1,-1,-1,-1,0,-1,-1,0,-1,0,-1,-1,-1,-1,-1,0,-1,-1,0,-1,-1,-1,-1,-1,0,-1,-1,-1,-1,-1,-1,-1,-1,-1,-1,0,-1,0,-1,-1,-1,-1,-1,-1,0,-1,-1,0,0,-1,-1,-1,-1,-1,-1,-1,-1,-1,-1,-1,-1,-1,-1,0,0,-1,-1,-1,-1,-1,-1,-1,-1,-1,0,-1,-1,-1,0,-1]
