instance	pr09.txt
m = 4

algo	vns
seed	3
timelim	60

profit	1032
time	6.58944
timeLocalSearch 	4.80684
timePerturb 	1.76189

# profit 1032
# route 0 >  346  18  [0,191,164,192,115,80,135,120,23,105,126,173,51,170,73,108,127,213,10,0]
# route 1 >  216  12  [0,27,206,109,131,138,64,77,16,156,118,116,175,0]
# route 2 >  245  14  [0,97,148,48,49,195,8,96,83,184,94,106,112,38,199,0]
# route 3 >  225  12  [0,171,141,14,137,157,163,152,39,214,32,140,58,0]
# m_location_vid = [-1,-1,-1,-1,-1,-1,-1,-1,2,-1,0,-1,-1,-1,3,-1,1,-1,-1,-1,-1,-1,-1,0,-1,-1,-1,1,-1,-1,-1,-1,3,-1,-1,-1,-1,-1,2,3,-1,-1,-1,-1,-1,-1,-1,-1,2,2,-1,0,-1,-1,-1,-1,-1,-1,3,-1,-1,-1,-1,-1,1,-1,-1,-1,-1,-1,-1,-1,-1,0,-1,-1,-1,1,-1,-1,0,-1,-1,2,-1,-1,-1,-1,-1,-1,-1,-1,-1,-1,2,-1,2,2,-1,-1,-1,-1,-1,-1,-1,0,2,-1,0,1,-1,-1,2,-1,-1,0,1,-1,1,-1,0,-1,-1,-1,-1,-1,0,0,-1,-1,-1,1,-1,-1,-1,0,-1,3,1,-1,3,3,-1,-1,-1,-1,-1,-1,2,-1,-1,-1,3,-1,-1,-1,1,3,-1,-1,-1,-1,-1,3,0,-1,-1,-1,-1,-1,0,3,-1,0,-1,1,-1,-1,-1,-1,-1,-1,-1,-1,2,-1,-1,-1,-1,-1,-1,0,0,-1,-1,2,-1,-1,-1,2,-1,-1,-1,-1,-1,-1,1,-1,-1,-1,-1,-1,-1,0,3,-1,-1]
