instance	pr12.txt
m = 3

algo	vns
seed	3
timelim	60

profit	723
time	3.12742
timeLocalSearch 	2.39457
timePerturb 	0.7135

# profit 723
# route 0 >  252  14  [0,65,32,91,67,24,10,81,52,35,26,21,25,72,80,0]
# route 1 >  258  14  [0,78,88,60,19,93,41,54,87,2,9,69,33,16,64,0]
# route 2 >  213  14  [0,46,29,95,61,57,44,15,22,85,11,58,59,70,47,0]
# m_location_vid = [-1,-1,1,-1,-1,-1,-1,-1,-1,1,0,2,-1,-1,-1,2,1,-1,-1,1,-1,0,2,-1,0,0,0,-1,-1,2,-1,-1,0,1,-1,0,-1,-1,-1,-1,-1,1,-1,-1,2,-1,2,2,-1,-1,-1,-1,0,-1,1,-1,-1,2,2,2,1,2,-1,-1,1,0,-1,0,-1,1,2,-1,0,-1,-1,-1,-1,-1,1,-1,0,0,-1,-1,-1,2,-1,1,1,-1,-1,0,-1,1,-1,2,-1]
