instance	pr20.txt
m = 3

algo	vns
seed	3
timelim	60

profit	965
time	10.6874
timeLocalSearch 	8.691
timePerturb 	1.97549

# profit 965
# route 0 >  388  20  [0,156,208,101,243,185,158,232,263,275,42,205,129,277,166,179,62,56,16,71,110,0]
# route 1 >  264  14  [0,160,246,245,2,267,100,244,219,50,77,177,190,143,207,0]
# route 2 >  313  16  [0,51,14,206,281,173,34,155,242,73,12,109,181,49,119,98,138,0]
# m_location_vid = [-1,-1,1,-1,-1,-1,-1,-1,-1,-1,-1,-1,2,-1,2,-1,0,-1,-1,-1,-1,-1,-1,-1,-1,-1,-1,-1,-1,-1,-1,-1,-1,-1,2,-1,-1,-1,-1,-1,-1,-1,0,-1,-1,-1,-1,-1,-1,2,1,2,-1,-1,-1,-1,0,-1,-1,-1,-1,-1,0,-1,-1,-1,-1,-1,-1,-1,-1,0,-1,2,-1,-1,-1,1,-1,-1,-1,-1,-1,-1,-1,-1,-1,-1,-1,-1,-1,-1,-1,-1,-1,-1,-1,-1,2,-1,1,0,-1,-1,-1,-1,-1,-1,-1,2,0,-1,-1,-1,-1,-1,-1,-1,-1,2,-1,-1,-1,-1,-1,-1,-1,-1,-1,0,-1,-1,-1,-1,-1,-1,-1,-1,2,-1,-1,-1,-1,1,-1,-1,-1,-1,-1,-1,-1,-1,-1,-1,-1,2,0,-1,0,-1,1,-1,-1,-1,-1,-1,0,-1,-1,-1,-1,-1,-1,2,-1,-1,-1,1,-1,0,-1,2,-1,-1,-1,0,-1,-1,-1,-1,1,-1,-1,-1,-1,-1,-1,-1,-1,-1,-1,-1,-1,-1,-1,0,2,1,0,-1,-1,-1,-1,-1,-1,-1,-1,-1,-1,1,-1,-1,-1,-1,-1,-1,-1,-1,-1,-1,-1,-1,0,-1,-1,-1,-1,-1,-1,-1,-1,-1,2,0,1,1,1,-1,-1,-1,-1,-1,-1,-1,-1,-1,-1,-1,-1,-1,-1,-1,-1,0,-1,-1,-1,1,-1,-1,-1,-1,-1,-1,-1,0,-1,0,-1,-1,-1,2,-1,-1,-1,-1,-1,-1,-1]
