instance	pr03.txt
m = 1

algo	vns
seed	3
timelim	60

profit	307
time	1.20038
timeLocalSearch 	0.842408
timePerturb 	0.349257

# profit 307
# route 0 >  307  16  [0,130,39,17,139,5,104,128,29,82,123,91,45,22,18,48,142,0]
# m_location_vid = [-1,-1,-1,-1,-1,0,-1,-1,-1,-1,-1,-1,-1,-1,-1,-1,-1,0,0,-1,-1,-1,0,-1,-1,-1,-1,-1,-1,0,-1,-1,-1,-1,-1,-1,-1,-1,-1,0,-1,-1,-1,-1,-1,0,-1,-1,0,-1,-1,-1,-1,-1,-1,-1,-1,-1,-1,-1,-1,-1,-1,-1,-1,-1,-1,-1,-1,-1,-1,-1,-1,-1,-1,-1,-1,-1,-1,-1,-1,-1,0,-1,-1,-1,-1,-1,-1,-1,-1,0,-1,-1,-1,-1,-1,-1,-1,-1,-1,-1,-1,-1,0,-1,-1,-1,-1,-1,-1,-1,-1,-1,-1,-1,-1,-1,-1,-1,-1,-1,-1,0,-1,-1,-1,-1,0,-1,0,-1,-1,-1,-1,-1,-1,-1,-1,0,-1,-1,0,-1,-1]
