instance	pr15.txt
m = 3

algo	vns
seed	3
timelim	60

profit	987
time	14.056
timeLocalSearch 	11.5754
timePerturb 	2.35157

# profit 987
# route 0 >  374  19  [0,153,165,28,230,11,81,18,204,198,62,126,152,156,203,193,142,43,118,179,0]
# route 1 >  309  16  [0,220,215,40,216,26,182,24,136,27,123,176,119,212,64,32,5,0]
# route 2 >  304  15  [0,150,235,29,158,173,102,85,129,80,107,66,77,110,2,36,0]
# m_location_vid = [-1,-1,2,-1,-1,1,-1,-1,-1,-1,-1,0,-1,-1,-1,-1,-1,-1,0,-1,-1,-1,-1,-1,1,-1,1,1,0,2,-1,-1,1,-1,-1,-1,2,-1,-1,-1,1,-1,-1,0,-1,-1,-1,-1,-1,-1,-1,-1,-1,-1,-1,-1,-1,-1,-1,-1,-1,-1,0,-1,1,-1,2,-1,-1,-1,-1,-1,-1,-1,-1,-1,-1,2,-1,-1,2,0,-1,-1,-1,2,-1,-1,-1,-1,-1,-1,-1,-1,-1,-1,-1,-1,-1,-1,-1,-1,2,-1,-1,-1,-1,2,-1,-1,2,-1,-1,-1,-1,-1,-1,-1,0,1,-1,-1,-1,1,-1,-1,0,-1,-1,2,-1,-1,-1,-1,-1,-1,1,-1,-1,-1,-1,-1,0,-1,-1,-1,-1,-1,-1,-1,2,-1,0,0,-1,-1,0,-1,2,-1,-1,-1,-1,-1,-1,0,-1,-1,-1,-1,-1,-1,-1,2,-1,-1,1,-1,-1,0,-1,-1,1,-1,-1,-1,-1,-1,-1,-1,-1,-1,-1,0,-1,-1,-1,-1,0,-1,-1,-1,-1,0,0,-1,-1,-1,-1,-1,-1,-1,1,-1,-1,1,1,-1,-1,-1,1,-1,-1,-1,-1,-1,-1,-1,-1,-1,0,-1,-1,-1,-1,2,-1,-1,-1,-1,-1]
