instance	pr10.txt
m = 2

algo	vns
seed	3
timelim	60

profit	679
time	5.34098
timeLocalSearch 	3.98717
timePerturb 	1.33729

# profit 679
# route 0 >  367  18  [0,206,166,143,65,138,281,9,277,267,232,42,158,205,179,100,129,208,51,0]
# route 1 >  312  16  [0,261,219,275,185,263,50,244,160,35,245,285,174,89,101,110,128,0]
# m_location_vid = [-1,-1,-1,-1,-1,-1,-1,-1,-1,0,-1,-1,-1,-1,-1,-1,-1,-1,-1,-1,-1,-1,-1,-1,-1,-1,-1,-1,-1,-1,-1,-1,-1,-1,-1,1,-1,-1,-1,-1,-1,-1,0,-1,-1,-1,-1,-1,-1,-1,1,0,-1,-1,-1,-1,-1,-1,-1,-1,-1,-1,-1,-1,-1,0,-1,-1,-1,-1,-1,-1,-1,-1,-1,-1,-1,-1,-1,-1,-1,-1,-1,-1,-1,-1,-1,-1,-1,1,-1,-1,-1,-1,-1,-1,-1,-1,-1,-1,0,1,-1,-1,-1,-1,-1,-1,-1,-1,1,-1,-1,-1,-1,-1,-1,-1,-1,-1,-1,-1,-1,-1,-1,-1,-1,-1,1,0,-1,-1,-1,-1,-1,-1,-1,-1,0,-1,-1,-1,-1,0,-1,-1,-1,-1,-1,-1,-1,-1,-1,-1,-1,-1,-1,-1,0,-1,1,-1,-1,-1,-1,-1,0,-1,-1,-1,-1,-1,-1,-1,1,-1,-1,-1,-1,0,-1,-1,-1,-1,-1,1,-1,-1,-1,-1,-1,-1,-1,-1,-1,-1,-1,-1,-1,-1,-1,-1,-1,-1,-1,0,0,-1,0,-1,-1,-1,-1,-1,-1,-1,-1,-1,-1,1,-1,-1,-1,-1,-1,-1,-1,-1,-1,-1,-1,-1,0,-1,-1,-1,-1,-1,-1,-1,-1,-1,-1,-1,1,1,-1,-1,-1,-1,-1,-1,-1,-1,-1,-1,-1,-1,-1,-1,-1,1,-1,1,-1,-1,-1,0,-1,-1,-1,-1,-1,-1,-1,1,-1,0,-1,-1,-1,0,-1,-1,-1,1,-1,-1,-1]
