instance	pr08.txt
m = 2

algo	vns
seed	3
timelim	60

profit	563
time	2.24926
timeLocalSearch 	1.65762
timePerturb 	0.580147

# profit 563
# route 0 >  300  14  [0,63,74,77,56,68,125,54,106,24,8,59,41,1,138,0]
# route 1 >  263  12  [0,108,136,36,100,30,48,34,92,124,33,144,19,0]
# m_location_vid = [-1,0,-1,-1,-1,-1,-1,-1,0,-1,-1,-1,-1,-1,-1,-1,-1,-1,-1,1,-1,-1,-1,-1,0,-1,-1,-1,-1,-1,1,-1,-1,1,1,-1,1,-1,-1,-1,-1,0,-1,-1,-1,-1,-1,-1,1,-1,-1,-1,-1,-1,0,-1,0,-1,-1,0,-1,-1,-1,0,-1,-1,-1,-1,0,-1,-1,-1,-1,-1,0,-1,-1,0,-1,-1,-1,-1,-1,-1,-1,-1,-1,-1,-1,-1,-1,-1,1,-1,-1,-1,-1,-1,-1,-1,1,-1,-1,-1,-1,-1,0,-1,1,-1,-1,-1,-1,-1,-1,-1,-1,-1,-1,-1,-1,-1,-1,-1,1,0,-1,-1,-1,-1,-1,-1,-1,-1,-1,-1,1,-1,0,-1,-1,-1,-1,-1,1]
