instance	pr20.txt
m = 4

algo	vns
seed	3
timelim	60

profit	1243
time	13.2448
timeLocalSearch 	10.6776
timePerturb 	2.5418

# profit 1243
# route 0 >  388  20  [0,156,208,101,243,185,158,232,263,275,42,205,129,277,166,179,62,56,16,71,110,0]
# route 1 >  250  13  [0,160,246,245,2,267,100,219,77,50,177,190,143,207,0]
# route 2 >  275  13  [0,51,206,281,173,244,34,242,133,73,49,181,119,138,0]
# route 3 >  330  18  [0,260,9,108,118,14,65,184,97,258,72,155,285,91,142,36,11,254,96,0]
# m_location_vid = [-1,-1,1,-1,-1,-1,-1,-1,-1,3,-1,3,-1,-1,3,-1,0,-1,-1,-1,-1,-1,-1,-1,-1,-1,-1,-1,-1,-1,-1,-1,-1,-1,2,-1,3,-1,-1,-1,-1,-1,0,-1,-1,-1,-1,-1,-1,2,1,2,-1,-1,-1,-1,0,-1,-1,-1,-1,-1,0,-1,-1,3,-1,-1,-1,-1,-1,0,3,2,-1,-1,-1,1,-1,-1,-1,-1,-1,-1,-1,-1,-1,-1,-1,-1,-1,3,-1,-1,-1,-1,3,3,-1,-1,1,0,-1,-1,-1,-1,-1,-1,3,-1,0,-1,-1,-1,-1,-1,-1,-1,3,2,-1,-1,-1,-1,-1,-1,-1,-1,-1,0,-1,-1,-1,2,-1,-1,-1,-1,2,-1,-1,-1,3,1,-1,-1,-1,-1,-1,-1,-1,-1,-1,-1,-1,3,0,-1,0,-1,1,-1,-1,-1,-1,-1,0,-1,-1,-1,-1,-1,-1,2,-1,-1,-1,1,-1,0,-1,2,-1,-1,3,0,-1,-1,-1,-1,1,-1,-1,-1,-1,-1,-1,-1,-1,-1,-1,-1,-1,-1,-1,0,2,1,0,-1,-1,-1,-1,-1,-1,-1,-1,-1,-1,1,-1,-1,-1,-1,-1,-1,-1,-1,-1,-1,-1,-1,0,-1,-1,-1,-1,-1,-1,-1,-1,-1,2,0,2,1,1,-1,-1,-1,-1,-1,-1,-1,3,-1,-1,-1,3,-1,3,-1,-1,0,-1,-1,-1,1,-1,-1,-1,-1,-1,-1,-1,0,-1,0,-1,-1,-1,2,-1,-1,-1,3,-1,-1,-1]
