instance	pr06.txt
m = 3

algo	vns
seed	3
timelim	60

profit	934
time	7.72835
timeLocalSearch 	5.80271
timePerturb 	1.90617

# profit 934
# route 0 >  350  17  [0,267,176,211,168,156,111,170,127,173,67,172,215,33,167,228,197,286,0]
# route 1 >  301  17  [0,169,8,213,254,231,284,3,39,220,217,11,151,41,224,49,269,272,0]
# route 2 >  283  14  [0,135,268,50,26,154,219,223,232,261,128,78,143,133,252,0]
# m_location_vid = [-1,-1,-1,1,-1,-1,-1,-1,1,-1,-1,1,-1,-1,-1,-1,-1,-1,-1,-1,-1,-1,-1,-1,-1,-1,2,-1,-1,-1,-1,-1,-1,0,-1,-1,-1,-1,-1,1,-1,1,-1,-1,-1,-1,-1,-1,-1,1,2,-1,-1,-1,-1,-1,-1,-1,-1,-1,-1,-1,-1,-1,-1,-1,-1,0,-1,-1,-1,-1,-1,-1,-1,-1,-1,-1,2,-1,-1,-1,-1,-1,-1,-1,-1,-1,-1,-1,-1,-1,-1,-1,-1,-1,-1,-1,-1,-1,-1,-1,-1,-1,-1,-1,-1,-1,-1,-1,-1,0,-1,-1,-1,-1,-1,-1,-1,-1,-1,-1,-1,-1,-1,-1,-1,0,2,-1,-1,-1,-1,2,-1,2,-1,-1,-1,-1,-1,-1,-1,2,-1,-1,-1,-1,-1,-1,-1,1,-1,-1,2,-1,0,-1,-1,-1,-1,-1,-1,-1,-1,-1,-1,0,0,1,0,-1,0,0,-1,-1,0,-1,-1,-1,-1,-1,-1,-1,-1,-1,-1,-1,-1,-1,-1,-1,-1,-1,-1,-1,-1,0,-1,-1,-1,-1,-1,-1,-1,-1,-1,-1,-1,-1,-1,0,-1,1,-1,0,-1,1,-1,2,1,-1,-1,2,1,-1,-1,-1,0,-1,-1,1,2,-1,-1,-1,-1,-1,-1,-1,-1,-1,-1,-1,-1,-1,-1,-1,-1,-1,-1,-1,2,-1,1,-1,-1,-1,-1,-1,-1,2,-1,-1,-1,-1,-1,0,2,1,-1,-1,1,-1,-1,-1,-1,-1,-1,-1,-1,-1,-1,-1,1,-1,0,-1,-1]
