instance	pr13.txt
m = 2

algo	vns
seed	3
timelim	60

profit	527
time	3.22542
timeLocalSearch 	2.58754
timePerturb 	0.621976

# profit 527
# route 0 >  252  13  [0,45,52,139,24,5,91,123,18,4,6,104,7,32,0]
# route 1 >  275  13  [0,64,82,29,128,17,107,26,39,27,130,81,48,144,0]
# m_location_vid = [-1,-1,-1,-1,0,0,0,0,-1,-1,-1,-1,-1,-1,-1,-1,-1,1,0,-1,-1,-1,-1,-1,0,-1,1,1,-1,1,-1,-1,0,-1,-1,-1,-1,-1,-1,1,-1,-1,-1,-1,-1,0,-1,-1,1,-1,-1,-1,0,-1,-1,-1,-1,-1,-1,-1,-1,-1,-1,-1,1,-1,-1,-1,-1,-1,-1,-1,-1,-1,-1,-1,-1,-1,-1,-1,-1,1,1,-1,-1,-1,-1,-1,-1,-1,-1,0,-1,-1,-1,-1,-1,-1,-1,-1,-1,-1,-1,-1,0,-1,-1,1,-1,-1,-1,-1,-1,-1,-1,-1,-1,-1,-1,-1,-1,-1,-1,0,-1,-1,-1,-1,1,-1,1,-1,-1,-1,-1,-1,-1,-1,-1,0,-1,-1,-1,-1,1]
