instance	pr04.txt
m = 3

algo	vns
seed	3
timelim	60

profit	839
time	5.65025
timeLocalSearch 	4.21926
timePerturb 	1.40549

# profit 839
# route 0 >  307  17  [0,49,10,113,91,124,44,56,9,185,33,22,58,133,186,154,67,152,0]
# route 1 >  249  13  [0,25,3,98,90,153,80,106,42,168,101,26,119,144,0]
# route 2 >  283  16  [0,31,115,63,28,41,8,146,189,177,66,117,95,155,60,142,128,0]
# m_location_vid = [-1,-1,-1,1,-1,-1,-1,-1,2,0,0,-1,-1,-1,-1,-1,-1,-1,-1,-1,-1,-1,0,-1,-1,1,1,-1,2,-1,-1,2,-1,0,-1,-1,-1,-1,-1,-1,-1,2,1,-1,0,-1,-1,-1,-1,0,-1,-1,-1,-1,-1,-1,0,-1,0,-1,2,-1,-1,2,-1,-1,2,0,-1,-1,-1,-1,-1,-1,-1,-1,-1,-1,-1,-1,1,-1,-1,-1,-1,-1,-1,-1,-1,-1,1,0,-1,-1,-1,2,-1,-1,1,-1,-1,1,-1,-1,-1,-1,1,-1,-1,-1,-1,-1,-1,0,-1,2,-1,2,-1,1,-1,-1,-1,-1,0,-1,-1,-1,2,-1,-1,-1,-1,0,-1,-1,-1,-1,-1,-1,-1,-1,2,-1,1,-1,2,-1,-1,-1,-1,-1,0,1,0,2,-1,-1,-1,-1,-1,-1,-1,-1,-1,-1,-1,-1,1,-1,-1,-1,-1,-1,-1,-1,-1,2,-1,-1,-1,-1,-1,-1,-1,0,0,-1,-1,2,-1,-1,-1]
