instance	pr10.txt
m = 3

algo	vns
seed	3
timelim	60

profit	1036
time	8.25193
timeLocalSearch 	6.04459
timePerturb 	2.18349

# profit 1036
# route 0 >  386  20  [0,108,166,261,143,65,103,138,281,9,277,267,232,42,158,205,179,100,129,208,51,0]
# route 1 >  326  17  [0,206,142,275,20,185,263,50,244,160,35,245,285,174,89,101,110,128,0]
# route 2 >  324  16  [0,191,39,220,204,11,56,155,243,242,2,34,73,126,49,14,54,0]
# m_location_vid = [-1,-1,2,-1,-1,-1,-1,-1,-1,0,-1,2,-1,-1,2,-1,-1,-1,-1,-1,1,-1,-1,-1,-1,-1,-1,-1,-1,-1,-1,-1,-1,-1,2,1,-1,-1,-1,2,-1,-1,0,-1,-1,-1,-1,-1,-1,2,1,0,-1,-1,2,-1,2,-1,-1,-1,-1,-1,-1,-1,-1,0,-1,-1,-1,-1,-1,-1,-1,2,-1,-1,-1,-1,-1,-1,-1,-1,-1,-1,-1,-1,-1,-1,-1,1,-1,-1,-1,-1,-1,-1,-1,-1,-1,-1,0,1,-1,0,-1,-1,-1,-1,0,-1,1,-1,-1,-1,-1,-1,-1,-1,-1,-1,-1,-1,-1,-1,-1,-1,2,-1,1,0,-1,-1,-1,-1,-1,-1,-1,-1,0,-1,-1,-1,1,0,-1,-1,-1,-1,-1,-1,-1,-1,-1,-1,-1,2,-1,-1,0,-1,1,-1,-1,-1,-1,-1,0,-1,-1,-1,-1,-1,-1,-1,1,-1,-1,-1,-1,0,-1,-1,-1,-1,-1,1,-1,-1,-1,-1,-1,2,-1,-1,-1,-1,-1,-1,-1,-1,-1,-1,-1,-1,2,0,1,-1,0,-1,-1,-1,-1,-1,-1,-1,-1,-1,-1,-1,2,-1,-1,-1,-1,-1,-1,-1,-1,-1,-1,-1,0,-1,-1,-1,-1,-1,-1,-1,-1,-1,2,2,1,1,-1,-1,-1,-1,-1,-1,-1,-1,-1,-1,-1,-1,-1,-1,-1,0,-1,1,-1,-1,-1,0,-1,-1,-1,-1,-1,-1,-1,1,-1,0,-1,-1,-1,0,-1,-1,-1,1,-1,-1,-1]
