instance	pr06.txt
m = 4

algo	vns
seed	3
timelim	60

profit	1191
time	9.958
timeLocalSearch 	7.37428
timePerturb 	2.56006

# profit 1191
# route 0 >  350  17  [0,267,176,211,168,156,111,170,127,173,67,172,215,33,167,228,197,286,0]
# route 1 >  268  15  [0,44,254,231,8,39,213,220,217,11,151,41,112,49,269,272,0]
# route 2 >  305  16  [0,135,268,50,26,22,154,241,219,166,12,128,261,78,143,133,252,0]
# route 3 >  268  15  [0,153,118,284,3,27,232,223,130,230,121,182,287,192,225,178,0]
# m_location_vid = [-1,-1,-1,3,-1,-1,-1,-1,1,-1,-1,1,2,-1,-1,-1,-1,-1,-1,-1,-1,-1,2,-1,-1,-1,2,3,-1,-1,-1,-1,-1,0,-1,-1,-1,-1,-1,1,-1,1,-1,-1,1,-1,-1,-1,-1,1,2,-1,-1,-1,-1,-1,-1,-1,-1,-1,-1,-1,-1,-1,-1,-1,-1,0,-1,-1,-1,-1,-1,-1,-1,-1,-1,-1,2,-1,-1,-1,-1,-1,-1,-1,-1,-1,-1,-1,-1,-1,-1,-1,-1,-1,-1,-1,-1,-1,-1,-1,-1,-1,-1,-1,-1,-1,-1,-1,-1,0,1,-1,-1,-1,-1,-1,3,-1,-1,3,-1,-1,-1,-1,-1,0,2,-1,3,-1,-1,2,-1,2,-1,-1,-1,-1,-1,-1,-1,2,-1,-1,-1,-1,-1,-1,-1,1,-1,3,2,-1,0,-1,-1,-1,-1,-1,-1,-1,-1,-1,2,0,0,-1,0,-1,0,0,-1,-1,0,-1,3,-1,-1,-1,3,-1,-1,-1,-1,-1,-1,-1,-1,-1,3,-1,-1,-1,-1,0,-1,-1,-1,-1,-1,-1,-1,-1,-1,-1,-1,-1,-1,0,-1,1,-1,0,-1,1,-1,2,1,-1,-1,3,-1,3,-1,-1,0,-1,3,1,3,-1,-1,-1,-1,-1,-1,-1,-1,2,-1,-1,-1,-1,-1,-1,-1,-1,-1,-1,2,-1,1,-1,-1,-1,-1,-1,-1,2,-1,-1,-1,-1,-1,0,2,1,-1,-1,1,-1,-1,-1,-1,-1,-1,-1,-1,-1,-1,-1,3,-1,0,3,-1]
