instance	pr13.txt
m = 3

algo	vns
seed	3
timelim	60

profit	733
time	4.9416
timeLocalSearch 	3.90713
timePerturb 	1.00966

# profit 733
# route 0 >  321  18  [0,45,25,128,18,123,4,37,24,129,17,91,139,5,104,48,130,144,86,0]
# route 1 >  209  12  [0,40,52,14,87,107,26,70,105,61,81,7,32,0]
# route 2 >  203  11  [0,82,94,64,29,22,80,39,27,31,44,133,0]
# m_location_vid = [-1,-1,-1,-1,0,0,-1,1,-1,-1,-1,-1,-1,-1,1,-1,-1,0,0,-1,-1,-1,2,-1,0,0,1,2,-1,2,-1,2,1,-1,-1,-1,-1,0,-1,2,1,-1,-1,-1,2,0,-1,-1,0,-1,-1,-1,1,-1,-1,-1,-1,-1,-1,-1,-1,1,-1,-1,2,-1,-1,-1,-1,-1,1,-1,-1,-1,-1,-1,-1,-1,-1,-1,2,1,2,-1,-1,-1,0,1,-1,-1,-1,0,-1,-1,2,-1,-1,-1,-1,-1,-1,-1,-1,-1,0,1,-1,1,-1,-1,-1,-1,-1,-1,-1,-1,-1,-1,-1,-1,-1,-1,-1,0,-1,-1,-1,-1,0,0,0,-1,-1,2,-1,-1,-1,-1,-1,0,-1,-1,-1,-1,0]
