instance	pr19.txt
m = 3

algo	vns
seed	3
timelim	60

profit	814
time	11.5222
timeLocalSearch 	9.4043
timePerturb 	2.08496

# profit 814
# route 0 >  276  14  [0,213,73,170,164,80,126,23,105,9,173,89,206,65,175,0]
# route 1 >  291  17  [0,16,109,116,212,138,108,127,51,118,156,19,66,112,135,68,124,177,0]
# route 2 >  247  14  [0,158,184,214,39,205,77,115,94,83,98,49,8,5,93,0]
# m_location_vid = [-1,-1,-1,-1,-1,2,-1,-1,2,0,-1,-1,-1,-1,-1,-1,1,-1,-1,1,-1,-1,-1,0,-1,-1,-1,-1,-1,-1,-1,-1,-1,-1,-1,-1,-1,-1,-1,2,-1,-1,-1,-1,-1,-1,-1,-1,-1,2,-1,1,-1,-1,-1,-1,-1,-1,-1,-1,-1,-1,-1,-1,-1,0,1,-1,1,-1,-1,-1,-1,0,-1,-1,-1,2,-1,-1,0,-1,-1,2,-1,-1,-1,-1,-1,0,-1,-1,-1,2,2,-1,-1,-1,2,-1,-1,-1,-1,-1,-1,0,-1,-1,1,1,-1,-1,1,-1,-1,2,1,-1,1,-1,-1,-1,-1,-1,1,-1,0,1,-1,-1,-1,-1,-1,-1,-1,1,-1,-1,1,-1,-1,-1,-1,-1,-1,-1,-1,-1,-1,-1,-1,-1,-1,-1,-1,-1,1,-1,2,-1,-1,-1,-1,-1,0,-1,-1,-1,-1,-1,0,-1,-1,0,-1,0,-1,1,-1,-1,-1,-1,-1,-1,2,-1,-1,-1,-1,-1,-1,-1,-1,-1,-1,-1,-1,-1,-1,-1,-1,-1,-1,-1,-1,2,0,-1,-1,-1,-1,-1,1,0,2,-1,-1]
