instance	pr05.txt
m = 2

algo	vns
seed	3
timelim	60

profit	738
time	5.53425
timeLocalSearch 	4.18453
timePerturb 	1.33141

# profit 738
# route 0 >  359  18  [0,77,153,80,29,202,62,126,152,198,212,85,43,235,142,136,182,32,9,0]
# route 1 >  379  21  [0,204,176,119,2,147,47,27,26,179,193,11,203,18,123,40,215,79,28,181,197,131,0]
# m_location_vid = [-1,-1,1,-1,-1,-1,-1,-1,-1,0,-1,1,-1,-1,-1,-1,-1,-1,1,-1,-1,-1,-1,-1,-1,-1,1,1,1,0,-1,-1,0,-1,-1,-1,-1,-1,-1,-1,1,-1,-1,0,-1,-1,-1,1,-1,-1,-1,-1,-1,-1,-1,-1,-1,-1,-1,-1,-1,-1,0,-1,-1,-1,-1,-1,-1,-1,-1,-1,-1,-1,-1,-1,-1,0,-1,1,0,-1,-1,-1,-1,0,-1,-1,-1,-1,-1,-1,-1,-1,-1,-1,-1,-1,-1,-1,-1,-1,-1,-1,-1,-1,-1,-1,-1,-1,-1,-1,-1,-1,-1,-1,-1,-1,-1,1,-1,-1,-1,1,-1,-1,0,-1,-1,-1,-1,1,-1,-1,-1,-1,0,-1,-1,-1,-1,-1,0,-1,-1,-1,-1,1,-1,-1,-1,-1,0,0,-1,-1,-1,-1,-1,-1,-1,-1,-1,-1,-1,-1,-1,-1,-1,-1,-1,-1,-1,-1,-1,-1,1,-1,-1,1,-1,1,0,-1,-1,-1,-1,-1,-1,-1,-1,-1,-1,1,-1,-1,-1,1,0,-1,-1,-1,0,1,1,-1,-1,-1,-1,-1,-1,-1,0,-1,-1,1,-1,-1,-1,-1,-1,-1,-1,-1,-1,-1,-1,-1,-1,-1,-1,-1,-1,-1,-1,0,-1,-1,-1,-1,-1]
