instance	pr18.txt
m = 2

algo	vns
seed	3
timelim	60

profit	593
time	3.32933
timeLocalSearch 	2.66341
timePerturb 	0.651413

# profit 593
# route 0 >  324  15  [0,124,1,68,33,41,125,28,109,50,8,77,144,92,48,127,0]
# route 1 >  269  13  [0,114,106,54,87,6,36,100,24,56,135,108,23,61,0]
# m_location_vid = [-1,0,-1,-1,-1,-1,1,-1,0,-1,-1,-1,-1,-1,-1,-1,-1,-1,-1,-1,-1,-1,-1,1,1,-1,-1,-1,0,-1,-1,-1,-1,0,-1,-1,1,-1,-1,-1,-1,0,-1,-1,-1,-1,-1,-1,0,-1,0,-1,-1,-1,1,-1,1,-1,-1,-1,-1,1,-1,-1,-1,-1,-1,-1,0,-1,-1,-1,-1,-1,-1,-1,-1,0,-1,-1,-1,-1,-1,-1,-1,-1,-1,1,-1,-1,-1,-1,0,-1,-1,-1,-1,-1,-1,-1,1,-1,-1,-1,-1,-1,1,-1,1,0,-1,-1,-1,-1,1,-1,-1,-1,-1,-1,-1,-1,-1,-1,0,0,-1,0,-1,-1,-1,-1,-1,-1,-1,1,-1,-1,-1,-1,-1,-1,-1,-1,0]
