instance	pr14.txt
m = 3

algo	vns
seed	3
timelim	60

profit	802
time	6.92201
timeLocalSearch 	5.58308
timePerturb 	1.31629

# profit 802
# route 0 >  295  15  [0,148,10,106,186,3,67,124,44,185,9,91,133,80,95,66,0]
# route 1 >  284  17  [0,8,56,177,154,115,22,113,42,26,153,38,58,155,81,7,188,73,0]
# route 2 >  223  12  [0,168,121,90,60,189,101,144,63,41,146,61,78,0]
# m_location_vid = [-1,-1,-1,0,-1,-1,-1,1,1,0,0,-1,-1,-1,-1,-1,-1,-1,-1,-1,-1,-1,1,-1,-1,-1,1,-1,-1,-1,-1,-1,-1,-1,-1,-1,-1,-1,1,-1,-1,2,1,-1,0,-1,-1,-1,-1,-1,-1,-1,-1,-1,-1,-1,1,-1,1,-1,2,2,-1,2,-1,-1,0,0,-1,-1,-1,-1,-1,1,-1,-1,-1,-1,2,-1,0,1,-1,-1,-1,-1,-1,-1,-1,-1,2,0,-1,-1,-1,0,-1,-1,-1,-1,-1,2,-1,-1,-1,-1,0,-1,-1,-1,-1,-1,-1,1,-1,1,-1,-1,-1,-1,-1,2,-1,-1,0,-1,-1,-1,-1,-1,-1,-1,-1,0,-1,-1,-1,-1,-1,-1,-1,-1,-1,-1,2,-1,2,-1,0,-1,-1,-1,-1,1,1,1,-1,-1,-1,-1,-1,-1,-1,-1,-1,-1,-1,-1,2,-1,-1,-1,-1,-1,-1,-1,-1,1,-1,-1,-1,-1,-1,-1,-1,0,0,-1,1,2,-1,-1,-1]
