instance	pr05.txt
m = 4

algo	vns
seed	3
timelim	60

profit	1249
time	9.12502
timeLocalSearch 	6.74212
timePerturb 	2.35787

# profit 1249
# route 0 >  359  18  [0,77,153,80,29,202,62,126,152,198,212,85,43,235,142,136,182,32,9,0]
# route 1 >  366  21  [0,204,176,119,229,147,47,26,27,2,179,18,193,11,203,123,34,215,144,133,197,131,0]
# route 2 >  306  18  [0,156,135,84,81,71,164,88,40,238,165,230,13,107,112,181,28,192,103,0]
# route 3 >  218  12  [0,24,53,120,208,110,216,220,173,66,64,236,191,0]
# m_location_vid = [-1,-1,1,-1,-1,-1,-1,-1,-1,0,-1,1,-1,2,-1,-1,-1,-1,1,-1,-1,-1,-1,-1,3,-1,1,1,2,0,-1,-1,0,-1,1,-1,-1,-1,-1,-1,2,-1,-1,0,-1,-1,-1,1,-1,-1,-1,-1,-1,3,-1,-1,-1,-1,-1,-1,-1,-1,0,-1,3,-1,3,-1,-1,-1,-1,2,-1,-1,-1,-1,-1,0,-1,-1,0,2,-1,-1,2,0,-1,-1,2,-1,-1,-1,-1,-1,-1,-1,-1,-1,-1,-1,-1,-1,-1,2,-1,-1,-1,2,-1,-1,3,-1,2,-1,-1,-1,-1,-1,-1,1,3,-1,-1,1,-1,-1,0,-1,-1,-1,-1,1,-1,1,-1,2,0,-1,-1,-1,-1,-1,0,-1,1,-1,-1,1,-1,-1,-1,-1,0,0,-1,-1,2,-1,-1,-1,-1,-1,-1,-1,2,2,-1,-1,-1,-1,-1,-1,-1,3,-1,-1,1,-1,-1,1,-1,2,0,-1,-1,-1,-1,-1,-1,-1,-1,3,2,1,-1,-1,-1,1,0,-1,-1,-1,0,1,1,-1,-1,-1,3,-1,-1,-1,0,-1,-1,1,3,-1,-1,-1,3,-1,-1,-1,-1,-1,-1,-1,-1,1,2,-1,-1,-1,-1,0,3,-1,2,-1,-1]
