instance	pr08.txt
m = 4

algo	vns
seed	3
timelim	60

profit	987
time	4.90837
timeLocalSearch 	3.58624
timePerturb 	1.29548

# profit 987
# route 0 >  290  13  [0,63,68,77,56,125,54,106,24,8,59,41,1,138,0]
# route 1 >  288  14  [0,108,36,100,98,20,17,55,92,48,124,76,144,33,19,0]
# route 2 >  194  11  [0,87,43,58,14,113,23,140,28,109,71,111,0]
# route 3 >  215  14  [0,74,129,72,50,127,114,133,34,65,135,112,21,85,70,0]
# m_location_vid = [-1,0,-1,-1,-1,-1,-1,-1,0,-1,-1,-1,-1,-1,2,-1,-1,1,-1,1,1,3,-1,2,0,-1,-1,-1,2,-1,-1,-1,-1,1,3,-1,1,-1,-1,-1,-1,0,-1,2,-1,-1,-1,-1,1,-1,3,-1,-1,-1,0,1,0,-1,2,0,-1,-1,-1,0,-1,3,-1,-1,0,-1,3,2,3,-1,3,-1,1,0,-1,-1,-1,-1,-1,-1,-1,3,-1,2,-1,-1,-1,-1,1,-1,-1,-1,-1,-1,1,-1,1,-1,-1,-1,-1,-1,0,-1,1,2,-1,2,3,2,3,-1,-1,-1,-1,-1,-1,-1,-1,-1,1,0,-1,3,-1,3,-1,-1,-1,3,-1,3,-1,-1,0,-1,2,-1,-1,-1,1]
