instance	pr04.txt
m = 4

algo	vns
seed	3
timelim	60

profit	1098
time	6.41884
timeLocalSearch 	4.67905
timePerturb 	1.71862

# profit 1098
# route 0 >  275  14  [0,91,38,131,80,124,44,185,42,9,58,133,67,186,152,0]
# route 1 >  283  17  [0,28,49,63,10,98,113,3,90,56,177,106,168,33,101,26,119,144,0]
# route 2 >  274  15  [0,31,115,41,153,102,146,8,189,66,117,95,155,60,142,128,0]
# route 3 >  266  15  [0,110,25,178,81,135,16,188,137,123,62,22,61,121,104,15,0]
# m_location_vid = [-1,-1,-1,1,-1,-1,-1,-1,2,0,1,-1,-1,-1,-1,3,3,-1,-1,-1,-1,-1,3,-1,-1,3,1,-1,1,-1,-1,2,-1,1,-1,-1,-1,-1,0,-1,-1,2,0,-1,0,-1,-1,-1,-1,1,-1,-1,-1,-1,-1,-1,1,-1,0,-1,2,3,3,1,-1,-1,2,0,-1,-1,-1,-1,-1,-1,-1,-1,-1,-1,-1,-1,0,3,-1,-1,-1,-1,-1,-1,-1,-1,1,0,-1,-1,-1,2,-1,-1,1,-1,-1,1,2,-1,3,-1,1,-1,-1,-1,3,-1,-1,1,-1,2,-1,2,-1,1,-1,3,-1,3,0,-1,-1,-1,2,-1,-1,0,-1,0,-1,3,-1,3,-1,-1,-1,-1,2,-1,1,-1,2,-1,-1,-1,-1,-1,0,2,-1,2,-1,-1,-1,-1,-1,-1,-1,-1,-1,-1,-1,-1,1,-1,-1,-1,-1,-1,-1,-1,-1,1,3,-1,-1,-1,-1,-1,-1,0,0,-1,3,2,-1,-1,-1]
