instance	pr05.txt
m = 3

algo	vns
seed	3
timelim	60

profit	999
time	6.80631
timeLocalSearch 	5.05689
timePerturb 	1.73112

# profit 999
# route 0 >  359  18  [0,77,153,80,29,202,62,126,152,198,212,85,43,235,142,136,182,32,9,0]
# route 1 >  335  18  [0,204,119,176,229,147,47,26,2,27,179,18,203,11,123,173,79,181,197,0]
# route 2 >  305  16  [0,81,135,24,71,88,164,216,40,67,193,230,107,13,112,236,103,0]
# m_location_vid = [-1,-1,1,-1,-1,-1,-1,-1,-1,0,-1,1,-1,2,-1,-1,-1,-1,1,-1,-1,-1,-1,-1,2,-1,1,1,-1,0,-1,-1,0,-1,-1,-1,-1,-1,-1,-1,2,-1,-1,0,-1,-1,-1,1,-1,-1,-1,-1,-1,-1,-1,-1,-1,-1,-1,-1,-1,-1,0,-1,-1,-1,-1,2,-1,-1,-1,2,-1,-1,-1,-1,-1,0,-1,1,0,2,-1,-1,-1,0,-1,-1,2,-1,-1,-1,-1,-1,-1,-1,-1,-1,-1,-1,-1,-1,-1,2,-1,-1,-1,2,-1,-1,-1,-1,2,-1,-1,-1,-1,-1,-1,1,-1,-1,-1,1,-1,-1,0,-1,-1,-1,-1,-1,-1,-1,-1,2,0,-1,-1,-1,-1,-1,0,-1,-1,-1,-1,1,-1,-1,-1,-1,0,0,-1,-1,-1,-1,-1,-1,-1,-1,-1,-1,2,-1,-1,-1,-1,-1,-1,-1,-1,1,-1,-1,1,-1,-1,1,-1,1,0,-1,-1,-1,-1,-1,-1,-1,-1,-1,-1,2,-1,-1,-1,1,0,-1,-1,-1,0,1,1,-1,-1,-1,-1,-1,-1,-1,0,-1,-1,-1,2,-1,-1,-1,-1,-1,-1,-1,-1,-1,-1,-1,-1,1,2,-1,-1,-1,-1,0,2,-1,-1,-1,-1]
