instance	pr15.txt
m = 4

algo	vns
seed	3
timelim	60

profit	1311
time	12.8857
timeLocalSearch 	10.2387
timePerturb 	2.61705

# profit 1311
# route 0 >  456  26  [0,153,165,28,230,150,11,81,221,204,26,43,18,212,198,77,62,126,152,236,187,203,193,142,133,36,179,0]
# route 1 >  298  16  [0,220,47,215,40,216,24,85,27,123,237,34,176,119,32,5,118,0]
# route 2 >  268  13  [0,158,235,182,136,197,29,173,129,107,156,66,110,2,0]
# route 3 >  289  15  [0,164,143,163,67,4,125,84,91,80,102,88,144,79,227,21,0]
# m_location_vid = [-1,-1,2,-1,3,1,-1,-1,-1,-1,-1,0,-1,-1,-1,-1,-1,-1,0,-1,-1,3,-1,-1,1,-1,0,1,0,2,-1,-1,1,-1,1,-1,0,-1,-1,-1,1,-1,-1,0,-1,-1,-1,1,-1,-1,-1,-1,-1,-1,-1,-1,-1,-1,-1,-1,-1,-1,0,-1,-1,-1,2,3,-1,-1,-1,-1,-1,-1,-1,-1,-1,0,-1,3,3,0,-1,-1,3,1,-1,-1,3,-1,-1,3,-1,-1,-1,-1,-1,-1,-1,-1,-1,-1,3,-1,-1,-1,-1,2,-1,-1,2,-1,-1,-1,-1,-1,-1,-1,1,1,-1,-1,-1,1,-1,3,0,-1,-1,2,-1,-1,-1,0,-1,-1,2,-1,-1,-1,-1,-1,0,3,3,-1,-1,-1,-1,-1,0,-1,0,0,-1,-1,2,-1,2,-1,-1,-1,-1,3,3,0,-1,-1,-1,-1,-1,-1,-1,2,-1,-1,1,-1,-1,0,-1,-1,2,-1,-1,-1,-1,0,-1,-1,-1,-1,-1,0,-1,-1,-1,2,0,-1,-1,-1,-1,0,0,-1,-1,-1,-1,-1,-1,-1,0,-1,-1,1,1,-1,-1,-1,1,0,-1,-1,-1,-1,-1,3,-1,-1,0,-1,-1,-1,-1,2,0,1,-1,-1,-1]
