instance	pr09.txt
m = 3

algo	vns
seed	3
timelim	60

profit	779
time	5.33161
timeLocalSearch 	3.9506
timePerturb 	1.36172

# profit 779
# route 0 >  286  14  [0,171,135,80,138,23,105,126,173,51,170,73,127,213,199,0]
# route 1 >  261  15  [0,97,109,164,64,120,77,214,153,9,108,16,118,156,116,175,0]
# route 2 >  232  13  [0,27,206,71,96,49,8,195,98,83,184,94,112,106,0]
# m_location_vid = [-1,-1,-1,-1,-1,-1,-1,-1,2,1,-1,-1,-1,-1,-1,-1,1,-1,-1,-1,-1,-1,-1,0,-1,-1,-1,2,-1,-1,-1,-1,-1,-1,-1,-1,-1,-1,-1,-1,-1,-1,-1,-1,-1,-1,-1,-1,-1,2,-1,0,-1,-1,-1,-1,-1,-1,-1,-1,-1,-1,-1,-1,1,-1,-1,-1,-1,-1,-1,2,-1,0,-1,-1,-1,1,-1,-1,0,-1,-1,2,-1,-1,-1,-1,-1,-1,-1,-1,-1,-1,2,-1,2,1,2,-1,-1,-1,-1,-1,-1,0,2,-1,1,1,-1,-1,2,-1,-1,-1,1,-1,1,-1,1,-1,-1,-1,-1,-1,0,0,-1,-1,-1,-1,-1,-1,-1,0,-1,-1,0,-1,-1,-1,-1,-1,-1,-1,-1,-1,-1,-1,-1,-1,-1,1,-1,-1,1,-1,-1,-1,-1,-1,-1,-1,1,-1,-1,-1,-1,-1,0,0,-1,0,-1,1,-1,-1,-1,-1,-1,-1,-1,-1,2,-1,-1,-1,-1,-1,-1,-1,-1,-1,-1,2,-1,-1,-1,0,-1,-1,-1,-1,-1,-1,2,-1,-1,-1,-1,-1,-1,0,1,-1,-1]
