instance	pr07.txt
m = 3

algo	vns
seed	3
timelim	60

profit	577
time	1.51811
timeLocalSearch 	1.06717
timePerturb 	0.438278

# profit 577
# route 0 >  242  12  [0,12,29,56,22,32,48,60,42,54,8,45,34,0]
# route 1 >  163  9  [0,31,38,35,59,41,47,63,15,19,0]
# route 2 >  172  11  [0,7,46,53,5,69,44,3,52,61,58,37,0]
# m_location_vid = [-1,-1,-1,2,-1,2,-1,2,0,-1,-1,-1,0,-1,-1,1,-1,-1,-1,1,-1,-1,0,-1,-1,-1,-1,-1,-1,0,-1,1,0,-1,0,1,-1,2,1,-1,-1,1,0,-1,2,0,2,1,0,-1,-1,-1,2,2,0,-1,0,-1,2,1,0,2,-1,1,-1,-1,-1,-1,-1,2,-1,-1,-1]
