instance	pr02.txt
m = 4

algo	vns
seed	3
timelim	60

profit	843
time	2.77841
timeLocalSearch 	1.94506
timePerturb 	0.81783

# profit 843
# route 0 >  282  16  [0,60,72,32,24,80,65,26,91,93,19,54,21,78,33,87,81,0]
# route 1 >  174  9  [0,71,22,15,35,41,10,52,88,77,0]
# route 2 >  241  14  [0,73,62,17,57,95,58,31,61,9,44,37,69,16,20,0]
# route 3 >  146  12  [0,6,67,18,14,42,85,29,92,47,1,2,25,0]
# m_location_vid = [-1,3,3,-1,-1,-1,3,-1,-1,2,1,-1,-1,-1,3,1,2,2,3,0,2,0,1,-1,0,3,0,-1,-1,3,-1,2,0,0,-1,1,-1,2,-1,-1,-1,1,3,-1,2,-1,-1,3,-1,-1,-1,-1,1,-1,0,-1,-1,2,2,-1,0,2,2,-1,-1,0,-1,3,-1,2,-1,1,0,2,-1,-1,-1,1,0,-1,0,0,-1,-1,-1,3,-1,0,1,-1,-1,0,3,0,-1,2,-1]
