instance	pr04.txt
m = 2

algo	vns
seed	3
timelim	60

profit	603
time	5.16486
timeLocalSearch 	3.87917
timePerturb 	1.25812

# profit 603
# route 0 >  348  17  [0,110,3,98,113,91,124,185,44,56,9,106,58,133,186,168,67,152,0]
# route 1 >  255  14  [0,25,10,153,90,80,66,148,177,42,121,101,26,144,92,0]
# m_location_vid = [-1,-1,-1,0,-1,-1,-1,-1,-1,0,1,-1,-1,-1,-1,-1,-1,-1,-1,-1,-1,-1,-1,-1,-1,1,1,-1,-1,-1,-1,-1,-1,-1,-1,-1,-1,-1,-1,-1,-1,-1,1,-1,0,-1,-1,-1,-1,-1,-1,-1,-1,-1,-1,-1,0,-1,0,-1,-1,-1,-1,-1,-1,-1,1,0,-1,-1,-1,-1,-1,-1,-1,-1,-1,-1,-1,-1,1,-1,-1,-1,-1,-1,-1,-1,-1,-1,1,0,1,-1,-1,-1,-1,-1,0,-1,-1,1,-1,-1,-1,-1,0,-1,-1,-1,0,-1,-1,0,-1,-1,-1,-1,-1,-1,-1,1,-1,-1,0,-1,-1,-1,-1,-1,-1,-1,-1,0,-1,-1,-1,-1,-1,-1,-1,-1,-1,-1,1,-1,-1,-1,1,-1,-1,-1,0,1,-1,-1,-1,-1,-1,-1,-1,-1,-1,-1,-1,-1,-1,-1,0,-1,-1,-1,-1,-1,-1,-1,-1,1,-1,-1,-1,-1,-1,-1,-1,0,0,-1,-1,-1,-1,-1,-1]
