instance	pr16.txt
m = 4

algo	vns
seed	3
timelim	60

profit	1163
time	19.84
timeLocalSearch 	16.3434
timePerturb 	3.44909

# profit 1163
# route 0 >  305  17  [0,6,267,228,39,173,3,11,172,140,213,41,200,215,154,166,261,122,0]
# route 1 >  326  16  [0,125,181,188,151,50,156,269,111,170,33,230,241,26,127,287,143,0]
# route 2 >  278  15  [0,192,1,121,128,252,232,133,67,254,31,135,130,168,78,216,0]
# route 3 >  254  14  [0,284,255,220,197,87,219,195,167,45,22,214,123,182,116,0]
# m_location_vid = [-1,2,-1,0,-1,-1,0,-1,-1,-1,-1,0,-1,-1,-1,-1,-1,-1,-1,-1,-1,-1,3,-1,-1,-1,1,-1,-1,-1,-1,2,-1,1,-1,-1,-1,-1,-1,0,-1,0,-1,-1,-1,3,-1,-1,-1,-1,1,-1,-1,-1,-1,-1,-1,-1,-1,-1,-1,-1,-1,-1,-1,-1,-1,2,-1,-1,-1,-1,-1,-1,-1,-1,-1,-1,2,-1,-1,-1,-1,-1,-1,-1,-1,3,-1,-1,-1,-1,-1,-1,-1,-1,-1,-1,-1,-1,-1,-1,-1,-1,-1,-1,-1,-1,-1,-1,-1,1,-1,-1,-1,-1,3,-1,-1,-1,-1,2,0,3,-1,1,-1,1,2,-1,2,-1,-1,2,-1,2,-1,-1,-1,-1,0,-1,-1,1,-1,-1,-1,-1,-1,-1,-1,1,-1,-1,0,-1,1,-1,-1,-1,-1,-1,-1,-1,-1,-1,0,3,2,-1,1,-1,0,0,-1,-1,-1,-1,-1,-1,-1,1,3,-1,-1,-1,-1,-1,1,-1,-1,-1,2,-1,-1,3,-1,3,-1,-1,0,-1,-1,-1,-1,-1,-1,-1,-1,-1,-1,-1,-1,0,3,0,2,-1,-1,3,3,-1,-1,-1,-1,-1,-1,-1,0,-1,1,-1,2,-1,-1,-1,-1,-1,-1,-1,-1,1,-1,-1,-1,-1,-1,-1,-1,-1,-1,-1,2,-1,2,3,-1,-1,-1,-1,-1,0,-1,-1,-1,-1,-1,0,-1,1,-1,-1,-1,-1,-1,-1,-1,-1,-1,-1,-1,-1,-1,-1,3,-1,-1,1,-1]
