instance	pr10.txt
m = 4

algo	vns
seed	3
timelim	60

profit	1230
time	12.4849
timeLocalSearch 	9.32788
timePerturb 	3.11982

# profit 1230
# route 0 >  342  18  [0,219,166,143,65,281,9,10,277,267,232,205,42,158,100,179,129,208,51,0]
# route 1 >  316  17  [0,61,109,275,20,185,263,50,244,160,35,245,285,89,101,110,128,152,0]
# route 2 >  306  16  [0,206,11,56,16,2,155,243,242,34,62,77,118,184,279,14,54,0]
# route 3 >  266  16  [0,246,64,103,138,181,133,12,97,73,126,17,173,177,157,161,69,0]
# m_location_vid = [-1,-1,2,-1,-1,-1,-1,-1,-1,0,0,2,3,-1,2,-1,2,3,-1,-1,1,-1,-1,-1,-1,-1,-1,-1,-1,-1,-1,-1,-1,-1,2,1,-1,-1,-1,-1,-1,-1,0,-1,-1,-1,-1,-1,-1,-1,1,0,-1,-1,2,-1,2,-1,-1,-1,-1,1,2,-1,3,0,-1,-1,-1,3,-1,-1,-1,3,-1,-1,-1,2,-1,-1,-1,-1,-1,-1,-1,-1,-1,-1,-1,1,-1,-1,-1,-1,-1,-1,-1,3,-1,-1,0,1,-1,3,-1,-1,-1,-1,-1,1,1,-1,-1,-1,-1,-1,-1,-1,2,-1,-1,-1,-1,-1,-1,-1,3,-1,1,0,-1,-1,-1,3,-1,-1,-1,-1,3,-1,-1,-1,-1,0,-1,-1,-1,-1,-1,-1,-1,-1,1,-1,-1,2,-1,3,0,-1,1,3,-1,-1,-1,-1,0,-1,-1,-1,-1,-1,-1,3,-1,-1,-1,3,-1,0,-1,3,-1,-1,2,1,-1,-1,-1,-1,-1,-1,-1,-1,-1,-1,-1,-1,-1,-1,-1,-1,-1,-1,-1,0,2,-1,0,-1,-1,-1,-1,-1,-1,-1,-1,-1,-1,0,-1,-1,-1,-1,-1,-1,-1,-1,-1,-1,-1,-1,0,-1,-1,-1,-1,-1,-1,-1,-1,-1,2,2,1,1,3,-1,-1,-1,-1,-1,-1,-1,-1,-1,-1,-1,-1,-1,-1,-1,-1,1,-1,-1,-1,0,-1,-1,-1,-1,-1,-1,-1,1,-1,0,-1,2,-1,0,-1,-1,-1,1,-1,-1,-1]
